/*--------------------------------*- C++ -*----------------------------------*\
  =========                 |
  \\      /  F ield         | OpenFOAM: The Open Source CFD Toolbox
   \\    /   O peration     | Website:  https://openfoam.org
    \\  /    A nd           | Version:  7
     \\/     M anipulation  |
\*---------------------------------------------------------------------------*/
FoamFile
{
    version     2.0;
    format      ascii;
    class       faceSet;
    location    "constant/polyMesh/sets";
    object      skewFaces;
}
// * * * * * * * * * * * * * * * * * * * * * * * * * * * * * * * * * * * * * //


310
(
2988203 
2988204 
2988291 
2988292 
2988380 
2988381 
2988388 
2988389 
2988451 
2988467 
2988468 
2988511 
2988513 
2988522 
2988523 
2988524 
2988548 
2988553 
2988554 
2988555 
2988590 
2988617 
2988624 
2988647 
2988716 
2988828 
2988859 
2988860 
2988861 
2988877 
2988878 
2988880 
2988883 
2988891 
2988892 
2988898 
2988899 
2988913 
2988991 
2988992 
2988993 
2988994 
2988997 
2988998 
2989103 
2989105 
2989110 
2989117 
2989122 
2989129 
2989137 
2989138 
2989142 
2989156 
2989190 
2989246 
2989247 
2989269 
2989275 
2989277 
2989279 
2989308 
2989312 
2989313 
2989332 
2989360 
2989361 
2989392 
2989397 
2989400 
2989404 
2989424 
2989429 
2989432 
2989433 
2989436 
2989440 
2989443 
2989444 
2989482 
2989485 
2989487 
2989488 
2989528 
2989537 
2989557 
2989558 
2989560 
2989562 
2989563 
2989565 
2989809 
2989834 
2990454 
2997850 
2997852 
2997906 
2997907 
2997915 
2997916 
2997958 
2997959 
2998098 
2998102 
2998114 
2998116 
2998125 
2998157 
2998241 
2998279 
2998280 
2998286 
2998288 
2998295 
2998322 
2998326 
2998330 
2998332 
2998333 
2998336 
2998338 
2998345 
2998349 
2998355 
2998359 
2998384 
2998402 
2998482 
2998493 
2998502 
2998510 
2998519 
2998536 
2998541 
2998613 
2998652 
2998653 
2998662 
2998771 
2998772 
2998775 
2998776 
2998782 
2998783 
2998786 
2998792 
2998798 
2998801 
2998805 
2998806 
2998812 
2998814 
2998816 
2998825 
2998827 
2998829 
2998830 
2998832 
2998838 
2998860 
2998892 
2998895 
2998897 
2998900 
2998942 
2998954 
2998977 
2999027 
2999045 
2999058 
2999061 
2999064 
2999070 
2999077 
2999082 
2999087 
2999218 
2999222 
2999237 
2999238 
2999239 
2999240 
2999242 
2999245 
2999267 
2999309 
2999312 
2999321 
2999327 
2999332 
2999334 
2999337 
2999344 
2999427 
2999431 
2999438 
2999439 
2999440 
2999441 
2999442 
2999443 
2999462 
2999464 
2999466 
2999467 
2999468 
2999497 
2999515 
2999526 
2999527 
2999530 
2999532 
2999537 
2999539 
2999540 
2999542 
2999543 
2999545 
2999548 
2999549 
2999550 
2999555 
2999558 
2999561 
2999563 
2999578 
2999579 
2999580 
2999584 
2999586 
2999591 
2999592 
2999598 
2999640 
2999654 
2999658 
2999661 
2999663 
2999670 
2999671 
2999674 
2999675 
2999677 
2999680 
2999682 
2999684 
2999686 
2999706 
2999711 
2999713 
2999731 
2999752 
2999759 
2999761 
2999764 
2999787 
2999797 
2999900 
2999909 
2999920 
2999925 
2999926 
2999935 
2999936 
2999939 
2999940 
2999965 
2999977 
2999979 
2999985 
2999995 
3000007 
3000011 
3000026 
3000040 
3000042 
3000043 
3000047 
3000052 
3000058 
3000059 
3000061 
3000066 
3000067 
3000069 
3000254 
3000258 
3000322 
3000368 
3000380 
3000386 
3000388 
3000402 
3000679 
3000778 
3000891 
3001843 
3001846 
3001863 
3002046 
3002056 
3002065 
3002418 
3003208 
3003210 
3004943 
3004947 
3005061 
3005071 
3005174 
)

// ************************************************************************* //
